theta,xi,yi,xc,yc,xo,yo,xb,yb,xct,yct,xot,yot,energy
1.3708,0.0000,0.0000,0.1987,0.9801,0.3416,1.1200,1.0000,0.2000,-0.0113,1.1943,-0.0769,1.6900,1626.8803
1.3718,0.0000,0.0000,0.1977,0.9803,0.3411,1.1197,1.0000,0.2000,-0.0114,1.1953,-0.0753,1.6912,9.1391
1.3727,0.0000,0.0000,0.1968,0.9805,0.3406,1.1194,1.0000,0.2000,-0.0116,1.1963,-0.0736,1.6924,9.1362
1.3737,0.0000,0.0000,0.1958,0.9806,0.3402,1.1190,1.0000,0.2000,-0.0118,1.1972,-0.0720,1.6936,9.1332
1.3747,0.0000,0.0000,0.1948,0.9808,0.3397,1.1187,1.0000,0.2000,-0.0120,1.1982,-0.0703,1.6948,9.1302
1.3757,0.0000,0.0000,0.1938,0.9810,0.3392,1.1184,1.0000,0.2000,-0.0122,1.1992,-0.0687,1.6960,9.1272
1.3767,0.0000,0.0000,0.1928,0.9812,0.3387,1.1180,1.0000,0.2000,-0.0123,1.2001,-0.0670,1.6971,9.1242
1.3777,0.0000,0.0000,0.1918,0.9814,0.3383,1.1177,1.0000,0.2000,-0.0125,1.2011,-0.0654,1.6983,9.1211
1.3787,0.0000,0.0000,0.1909,0.9816,0.3378,1.1173,1.0000,0.2000,-0.0127,1.2020,-0.0637,1.6994,9.1181
1.3797,0.0000,0.0000,0.1899,0.9818,0.3373,1.1170,1.0000,0.2000,-0.0129,1.2029,-0.0621,1.7005,9.1150
1.3807,0.0000,0.0000,0.1889,0.9820,0.3368,1.1166,1.0000,0.2000,-0.0130,1.2039,-0.0604,1.7016,9.1119
1.3817,0.0000,0.0000,0.1879,0.9822,0.3363,1.1163,1.0000,0.2000,-0.0132,1.2048,-0.0587,1.7027,9.1087
1.3827,0.0000,0.0000,0.1869,0.9824,0.3358,1.1159,1.0000,0.2000,-0.0134,1.2057,-0.0571,1.7038,9.1056
1.3837,0.0000,0.0000,0.1860,0.9826,0.3353,1.1155,1.0000,0.2000,-0.0135,1.2066,-0.0554,1.7049,9.1024
1.3847,0.0000,0.0000,0.1850,0.9827,0.3348,1.1152,1.0000,0.2000,-0.0137,1.2075,-0.0538,1.7059,9.0992
1.3857,0.0000,0.0000,0.1840,0.9829,0.3343,1.1148,1.0000,0.2000,-0.0138,1.2084,-0.0521,1.7070,9.0960
1.3867,0.0000,0.0000,0.1830,0.9831,0.3338,1.1145,1.0000,0.2000,-0.0140,1.2094,-0.0504,1.7080,9.0928
1.3877,0.0000,0.0000,0.1820,0.9833,0.3333,1.1141,1.0000,0.2000,-0.0142,1.2103,-0.0488,1.7091,9.0895
1.3887,0.0000,0.0000,0.1810,0.9835,0.3328,1.1137,1.0000,0.2000,-0.0143,1.2111,-0.0471,1.7101,9.0862
1.3897,0.0000,0.0000,0.1801,0.9837,0.3323,1.1133,1.0000,0.2000,-0.0145,1.2120,-0.0455,1.7111,9.0829
1.3907,0.0000,0.0000,0.1791,0.9838,0.3318,1.1130,1.0000,0.2000,-0.0146,1.2129,-0.0438,1.7121,9.0796
1.3917,0.0000,0.0000,0.1781,0.9840,0.3313,1.1126,1.0000,0.2000,-0.0148,1.2138,-0.0421,1.7131,9.0763
1.3927,0.0000,0.0000,0.1771,0.9842,0.3308,1.1122,1.0000,0.2000,-0.0149,1.2147,-0.0405,1.7140,9.0729
1.3937,0.0000,0.0000,0.1761,0.9844,0.3302,1.1118,1.0000,0.2000,-0.0151,1.2156,-0.0388,1.7150,9.0696
1.3947,0.0000,0.0000,0.1751,0.9845,0.3297,1.1114,1.0000,0.2000,-0.0152,1.2164,-0.0371,1.7159,9.0662
1.3957,0.0000,0.0000,0.1742,0.9847,0.3292,1.1111,1.0000,0.2000,-0.0154,1.2173,-0.0355,1.7169,9.0628
1.3967,0.0000,0.0000,0.1732,0.9849,0.3287,1.1107,1.0000,0.2000,-0.0155,1.2181,-0.0338,1.7178,9.0593
1.3977,0.0000,0.0000,0.1722,0.9851,0.3281,1.1103,1.0000,0.2000,-0.0156,1.2190,-0.0321,1.7187,9.0559
1.3987,0.0000,0.0000,0.1712,0.9852,0.3276,1.1099,1.0000,0.2000,-0.0158,1.2198,-0.0305,1.7196,9.0524
1.3997,0.0000,0.0000,0.1702,0.9854,0.3271,1.1095,1.0000,0.2000,-0.0159,1.2207,-0.0288,1.7205,9.0489
1.4007,0.0000,0.0000,0.1692,0.9856,0.3265,1.1091,1.0000,0.2000,-0.0160,1.2215,-0.0271,1.7214,9.0454
1.4017,0.0000,0.0000,0.1682,0.9857,0.3260,1.1087,1.0000,0.2000,-0.0162,1.2224,-0.0254,1.7223,9.0419
1.4027,0.0000,0.0000,0.1673,0.9859,0.3254,1.1083,1.0000,0.2000,-0.0163,1.2232,-0.0238,1.7231,9.0383
1.4037,0.0000,0.0000,0.1663,0.9861,0.3249,1.1079,1.0000,0.2000,-0.0164,1.2240,-0.0221,1.7240,9.0348
1.4047,0.0000,0.0000,0.1653,0.9862,0.3244,1.1075,1.0000,0.2000,-0.0166,1.2249,-0.0204,1.7248,9.0312
1.4057,0.0000,0.0000,0.1643,0.9864,0.3238,1.1071,1.0000,0.2000,-0.0167,1.2257,-0.0187,1.7257,9.0276
1.4067,0.0000,0.0000,0.1633,0.9866,0.3233,1.1067,1.0000,0.2000,-0.0168,1.2265,-0.0170,1.7265,9.0239
1.4077,0.0000,0.0000,0.1623,0.9867,0.3227,1.1062,1.0000,0.2000,-0.0169,1.2273,-0.0154,1.7273,9.0203
1.4087,0.0000,0.0000,0.1613,0.9869,0.3221,1.1058,1.0000,0.2000,-0.0170,1.2281,-0.0137,1.7281,9.0166
1.4097,0.0000,0.0000,0.1604,0.9871,0.3216,1.1054,1.0000,0.2000,-0.0172,1.2289,-0.0120,1.7289,9.0129
1.4107,0.0000,0.0000,0.1594,0.9872,0.3210,1.1050,1.0000,0.2000,-0.0173,1.2297,-0.0103,1.7297,9.0092
1.4117,0.0000,0.0000,0.1584,0.9874,0.3205,1.1046,1.0000,0.2000,-0.0174,1.2305,-0.0086,1.7304,9.0055
1.4127,0.0000,0.0000,0.1574,0.9875,0.3199,1.1041,1.0000,0.2000,-0.0175,1.2313,-0.0069,1.7312,9.0018
1.4137,0.0000,0.0000,0.1564,0.9877,0.3193,1.1037,1.0000,0.2000,-0.0176,1.2321,-0.0052,1.7319,8.9980
1.4147,0.0000,0.0000,0.1554,0.9878,0.3187,1.1033,1.0000,0.2000,-0.0177,1.2329,-0.0036,1.7327,8.9942
1.4157,0.0000,0.0000,0.1544,0.9880,0.3182,1.1028,1.0000,0.2000,-0.0178,1.2336,-0.0019,1.7334,8.9904
1.4167,0.0000,0.0000,0.1534,0.9882,0.3176,1.1024,1.0000,0.2000,-0.0179,1.2344,-0.0002,1.7341,8.9866
1.4177,0.0000,0.0000,0.1524,0.9883,0.3170,1.1020,1.0000,0.2000,-0.0180,1.2352,0.0015,1.7348,8.9828
1.4187,0.0000,0.0000,0.1515,0.9885,0.3164,1.1015,1.0000,0.2000,-0.0181,1.2359,0.0032,1.7355,8.9789
1.4197,0.0000,0.0000,0.1505,0.9886,0.3159,1.1011,1.0000,0.2000,-0.0182,1.2367,0.0049,1.7362,8.9750
1.4207,0.0000,0.0000,0.1495,0.9888,0.3153,1.1006,1.0000,0.2000,-0.0183,1.2374,0.0066,1.7368,8.9711
1.4217,0.0000,0.0000,0.1485,0.9889,0.3147,1.1002,1.0000,0.2000,-0.0184,1.2382,0.0083,1.7375,8.9672
1.4227,0.0000,0.0000,0.1475,0.9891,0.3141,1.0997,1.0000,0.2000,-0.0185,1.2389,0.0100,1.7381,8.9633
1.4237,0.0000,0.0000,0.1465,0.9892,0.3135,1.0993,1.0000,0.2000,-0.0186,1.2397,0.0117,1.7388,8.9593
1.4247,0.0000,0.0000,0.1455,0.9894,0.3129,1.0988,1.0000,0.2000,-0.0187,1.2404,0.0134,1.7394,8.9554
1.4257,0.0000,0.0000,0.1445,0.9895,0.3123,1.0984,1.0000,0.2000,-0.0188,1.2412,0.0151,1.7400,8.9514
1.4267,0.0000,0.0000,0.1435,0.9896,0.3117,1.0979,1.0000,0.2000,-0.0189,1.2419,0.0168,1.7406,8.9474
1.4277,0.0000,0.0000,0.1426,0.9898,0.3111,1.0975,1.0000,0.2000,-0.0189,1.2426,0.0185,1.7412,8.9434
1.4287,0.0000,0.0000,0.1416,0.9899,0.3105,1.0970,1.0000,0.2000,-0.0190,1.2433,0.0203,1.7418,8.9393
1.4297,0.0000,0.0000,0.1406,0.9901,0.3099,1.0965,1.0000,0.2000,-0.0191,1.2440,0.0220,1.7424,8.9352
1.4307,0.0000,0.0000,0.1396,0.9902,0.3093,1.0961,1.0000,0.2000,-0.0192,1.2448,0.0237,1.7429,8.9312
1.4317,0.0000,0.0000,0.1386,0.9903,0.3087,1.0956,1.0000,0.2000,-0.0193,1.2455,0.0254,1.7435,8.9271
1.4327,0.0000,0.0000,0.1376,0.9905,0.3081,1.0951,1.0000,0.2000,-0.0193,1.2462,0.0271,1.7440,8.9229
1.4337,0.0000,0.0000,0.1366,0.9906,0.3074,1.0946,1.0000,0.2000,-0.0194,1.2469,0.0288,1.7445,8.9188
1.4347,0.0000,0.0000,0.1356,0.9908,0.3068,1.0942,1.0000,0.2000,-0.0195,1.2476,0.0305,1.7451,8.9146
1.4357,0.0000,0.0000,0.1346,0.9909,0.3062,1.0937,1.0000,0.2000,-0.0195,1.2483,0.0323,1.7456,8.9105
1.4367,0.0000,0.0000,0.1336,0.9910,0.3056,1.0932,1.0000,0.2000,-0.0196,1.2489,0.0340,1.7461,8.9063
1.4377,0.0000,0.0000,0.1327,0.9912,0.3050,1.0927,1.0000,0.2000,-0.0197,1.2496,0.0357,1.7465,8.9021
1.4387,0.0000,0.0000,0.1317,0.9913,0.3043,1.0922,1.0000,0.2000,-0.0197,1.2503,0.0374,1.7470,8.8978
1.4397,0.0000,0.0000,0.1307,0.9914,0.3037,1.0917,1.0000,0.2000,-0.0198,1.2510,0.0392,1.7475,8.8936
1.4407,0.0000,0.0000,0.1297,0.9916,0.3031,1.0912,1.0000,0.2000,-0.0198,1.2516,0.0409,1.7479,8.8893
1.4417,0.0000,0.0000,0.1287,0.9917,0.3024,1.0907,1.0000,0.2000,-0.0199,1.2523,0.0426,1.7484,8.8850
1.4427,0.0000,0.0000,0.1277,0.9918,0.3018,1.0902,1.0000,0.2000,-0.0199,1.2530,0.0444,1.7488,8.8807
1.4437,0.0000,0.0000,0.1267,0.9919,0.3012,1.0897,1.0000,0.2000,-0.0200,1.2536,0.0461,1.7492,8.8764
1.4447,0.0000,0.0000,0.1257,0.9921,0.3005,1.0892,1.0000,0.2000,-0.0200,1.2543,0.0479,1.7497,8.8720
1.4457,0.0000,0.0000,0.1247,0.9922,0.2999,1.0887,1.0000,0.2000,-0.0201,1.2549,0.0496,1.7501,8.8677
1.4467,0.0000,0.0000,0.1237,0.9923,0.2992,1.0882,1.0000,0.2000,-0.0201,1.2556,0.0513,1.7504,8.8633
1.4477,0.0000,0.0000,0.1227,0.9924,0.2986,1.0877,1.0000,0.2000,-0.0202,1.2562,0.0531,1.7508,8.8589
1.4487,0.0000,0.0000,0.1217,0.9926,0.2979,1.0872,1.0000,0.2000,-0.0202,1.2569,0.0548,1.7512,8.8545
1.4497,0.0000,0.0000,0.1208,0.9927,0.2973,1.0867,1.0000,0.2000,-0.0202,1.2575,0.0566,1.7516,8.8500
1.4507,0.0000,0.0000,0.1198,0.9928,0.2966,1.0862,1.0000,0.2000,-0.0203,1.2581,0.0583,1.7519,8.8456
1.4517,0.0000,0.0000,0.1188,0.9929,0.2960,1.0856,1.0000,0.2000,-0.0203,1.2587,0.0601,1.7522,8.8411
1.4527,0.0000,0.0000,0.1178,0.9930,0.2953,1.0851,1.0000,0.2000,-0.0203,1.2594,0.0618,1.7526,8.8366
1.4537,0.0000,0.0000,0.1168,0.9932,0.2947,1.0846,1.0000,0.2000,-0.0204,1.2600,0.0636,1.7529,8.8321
1.4547,0.0000,0.0000,0.1158,0.9933,0.2940,1.0841,1.0000,0.2000,-0.0204,1.2606,0.0654,1.7532,8.8276
1.4557,0.0000,0.0000,0.1148,0.9934,0.2933,1.0835,1.0000,0.2000,-0.0204,1.2612,0.0671,1.7535,8.8230
1.4567,0.0000,0.0000,0.1138,0.9935,0.2927,1.0830,1.0000,0.2000,-0.0204,1.2618,0.0689,1.7538,8.8185
1.4577,0.0000,0.0000,0.1128,0.9936,0.2920,1.0825,1.0000,0.2000,-0.0205,1.2624,0.0707,1.7540,8.8139
1.4587,0.0000,0.0000,0.1118,0.9937,0.2913,1.0819,1.0000,0.2000,-0.0205,1.2630,0.0724,1.7543,8.8093
1.4597,0.0000,0.0000,0.1108,0.9938,0.2906,1.0814,1.0000,0.2000,-0.0205,1.2636,0.0742,1.7545,8.8047
1.4607,0.0000,0.0000,0.1098,0.9940,0.2900,1.0808,1.0000,0.2000,-0.0205,1.2642,0.0760,1.7548,8.8000
1.4617,0.0000,0.0000,0.1088,0.9941,0.2893,1.0803,1.0000,0.2000,-0.0205,1.2648,0.0778,1.7550,8.7954
1.4627,0.0000,0.0000,0.1078,0.9942,0.2886,1.0797,1.0000,0.2000,-0.0205,1.2653,0.0795,1.7552,8.7907
1.4637,0.0000,0.0000,0.1068,0.9943,0.2879,1.0792,1.0000,0.2000,-0.0205,1.2659,0.0813,1.7554,8.7860
1.4647,0.0000,0.0000,0.1058,0.9944,0.2872,1.0786,1.0000,0.2000,-0.0205,1.2665,0.0831,1.7556,8.7813
1.4657,0.0000,0.0000,0.1049,0.9945,0.2866,1.0781,1.0000,0.2000,-0.0205,1.2670,0.0849,1.7558,8.7766
1.4667,0.0000,0.0000,0.1039,0.9946,0.2859,1.0775,1.0000,0.2000,-0.0205,1.2676,0.0867,1.7560,8.7718
1.4677,0.0000,0.0000,0.1029,0.9947,0.2852,1.0769,1.0000,0.2000,-0.0205,1.2682,0.0885,1.7561,8.7671
1.4687,0.0000,0.0000,0.1019,0.9948,0.2845,1.0764,1.0000,0.2000,-0.0205,1.2687,0.0903,1.7563,8.7623
1.4697,0.0000,0.0000,0.1009,0.9949,0.2838,1.0758,1.0000,0.2000,-0.0205,1.2693,0.0921,1.7564,8.7575
1.4707,0.0000,0.0000,0.0999,0.9950,0.2831,1.0752,1.0000,0.2000,-0.0205,1.2698,0.0939,1.7566,8.7527
1.4717,0.0000,0.0000,0.0989,0.9951,0.2824,1.0747,1.0000,0.2000,-0.0205,1.2703,0.0957,1.7567,8.7478
1.4727,0.0000,0.0000,0.0979,0.9952,0.2817,1.0741,1.0000,0.2000,-0.0204,1.2709,0.0975,1.7568,8.7430
1.4737,0.0000,0.0000,0.0969,0.9953,0.2810,1.0735,1.0000,0.2000,-0.0204,1.2714,0.0993,1.7569,8.7381
1.4747,0.0000,0.0000,0.0959,0.9954,0.2803,1.0729,1.0000,0.2000,-0.0204,1.2719,0.1011,1.7570,8.7332
1.4757,0.0000,0.0000,0.0949,0.9955,0.2796,1.0723,1.0000,0.2000,-0.0204,1.2725,0.1029,1.7570,8.7283
1.4767,0.0000,0.0000,0.0939,0.9956,0.2788,1.0717,1.0000,0.2000,-0.0203,1.2730,0.1048,1.7571,8.7234
1.4777,0.0000,0.0000,0.0929,0.9957,0.2781,1.0711,1.0000,0.2000,-0.0203,1.2735,0.1066,1.7571,8.7184
1.4787,0.0000,0.0000,0.0919,0.9958,0.2774,1.0706,1.0000,0.2000,-0.0203,1.2740,0.1084,1.7572,8.7135
1.4797,0.0000,0.0000,0.0909,0.9959,0.2767,1.0700,1.0000,0.2000,-0.0202,1.2745,0.1102,1.7572,8.7085
1.4807,0.0000,0.0000,0.0899,0.9959,0.2760,1.0694,1.0000,0.2000,-0.0202,1.2750,0.1121,1.7572,8.7035
1.4817,0.0000,0.0000,0.0889,0.9960,0.2752,1.0688,1.0000,0.2000,-0.0201,1.2755,0.1139,1.7572,8.6984
1.4827,0.0000,0.0000,0.0879,0.9961,0.2745,1.0681,1.0000,0.2000,-0.0201,1.2760,0.1157,1.7572,8.6934
1.4837,0.0000,0.0000,0.0869,0.9962,0.2738,1.0675,1.0000,0.2000,-0.0200,1.2765,0.1176,1.7572,8.6883
1.4847,0.0000,0.0000,0.0859,0.9963,0.2731,1.0669,1.0000,0.2000,-0.0200,1.2770,0.1194,1.7571,8.6833
1.4857,0.0000,0.0000,0.0849,0.9964,0.2723,1.0663,1.0000,0.2000,-0.0199,1.2775,0.1213,1.7571,8.6782
1.4867,0.0000,0.0000,0.0839,0.9965,0.2716,1.0657,1.0000,0.2000,-0.0199,1.2779,0.1231,1.7570,8.6731
1.4877,0.0000,0.0000,0.0830,0.9966,0.2708,1.0651,1.0000,0.2000,-0.0198,1.2784,0.1250,1.7570,8.6679
1.4887,0.0000,0.0000,0.0820,0.9966,0.2701,1.0644,1.0000,0.2000,-0.0198,1.2789,0.1269,1.7569,8.6628
1.4897,0.0000,0.0000,0.0810,0.9967,0.2694,1.0638,1.0000,0.2000,-0.0197,1.2793,0.1287,1.7568,8.6576
1.4907,0.0000,0.0000,0.0800,0.9968,0.2686,1.0632,1.0000,0.2000,-0.0196,1.2798,0.1306,1.7567,8.6524
1.4917,0.0000,0.0000,0.0790,0.9969,0.2679,1.0625,1.0000,0.2000,-0.0195,1.2802,0.1325,1.7566,8.6472
1.4927,0.0000,0.0000,0.0780,0.9970,0.2671,1.0619,1.0000,0.2000,-0.0195,1.2807,0.1344,1.7564,8.6420
1.4937,0.0000,0.0000,0.0770,0.9970,0.2664,1.0613,1.0000,0.2000,-0.0194,1.2811,0.1362,1.7563,8.6368
1.4947,0.0000,0.0000,0.0760,0.9971,0.2656,1.0606,1.0000,0.2000,-0.0193,1.2816,0.1381,1.7561,8.6315
1.4957,0.0000,0.0000,0.0750,0.9972,0.2649,1.0600,1.0000,0.2000,-0.0192,1.2820,0.1400,1.7560,8.6262
1.4967,0.0000,0.0000,0.0740,0.9973,0.2641,1.0593,1.0000,0.2000,-0.0191,1.2824,0.1419,1.7558,8.6209
1.4977,0.0000,0.0000,0.0730,0.9973,0.2633,1.0587,1.0000,0.2000,-0.0190,1.2829,0.1438,1.7556,8.6156
1.4987,0.0000,0.0000,0.0720,0.9974,0.2626,1.0580,1.0000,0.2000,-0.0189,1.2833,0.1457,1.7554,8.6103
1.4997,0.0000,0.0000,0.0710,0.9975,0.2618,1.0574,1.0000,0.2000,-0.0188,1.2837,0.1476,1.7552,8.6049
1.5007,0.0000,0.0000,0.0700,0.9975,0.2610,1.0567,1.0000,0.2000,-0.0187,1.2841,0.1495,1.7550,8.5996
1.5017,0.0000,0.0000,0.0690,0.9976,0.2603,1.0560,1.0000,0.2000,-0.0186,1.2845,0.1514,1.7547,8.5942
1.5027,0.0000,0.0000,0.0680,0.9977,0.2595,1.0554,1.0000,0.2000,-0.0185,1.2849,0.1534,1.7545,8.5888
1.5037,0.0000,0.0000,0.0670,0.9978,0.2587,1.0547,1.0000,0.2000,-0.0184,1.2853,0.1553,1.7542,8.5833
1.5047,0.0000,0.0000,0.0660,0.9978,0.2579,1.0540,1.0000,0.2000,-0.0183,1.2857,0.1572,1.7539,8.5779
1.5057,0.0000,0.0000,0.0650,0.9979,0.2572,1.0533,1.0000,0.2000,-0.0182,1.2861,0.1592,1.7536,8.5724
1.5067,0.0000,0.0000,0.0640,0.9979,0.2564,1.0527,1.0000,0.2000,-0.0181,1.2865,0.1611,1.7533,8.5670
1.5077,0.0000,0.0000,0.0630,0.9980,0.2556,1.0520,1.0000,0.2000,-0.0179,1.2869,0.1630,1.7530,8.5615
1.5087,0.0000,0.0000,0.0620,0.9981,0.2548,1.0513,1.0000,0.2000,-0.0178,1.2873,0.1650,1.7527,8.5559
1.5097,0.0000,0.0000,0.0610,0.9981,0.2540,1.0506,1.0000,0.2000,-0.0177,1.2876,0.1669,1.7523,8.5504
1.5107,0.0000,0.0000,0.0600,0.9982,0.2532,1.0499,1.0000,0.2000,-0.0175,1.2880,0.1689,1.7520,8.5448
1.5117,0.0000,0.0000,0.0590,0.9983,0.2524,1.0492,1.0000,0.2000,-0.0174,1.2884,0.1709,1.7516,8.5393
1.5127,0.0000,0.0000,0.0580,0.9983,0.2516,1.0485,1.0000,0.2000,-0.0172,1.2887,0.1728,1.7512,8.5337
1.5137,0.0000,0.0000,0.0570,0.9984,0.2508,1.0478,1.0000,0.2000,-0.0171,1.2891,0.1748,1.7508,8.5281
1.5147,0.0000,0.0000,0.0560,0.9984,0.2500,1.0471,1.0000,0.2000,-0.0169,1.2894,0.1768,1.7504,8.5224
1.5157,0.0000,0.0000,0.0550,0.9985,0.2492,1.0464,1.0000,0.2000,-0.0168,1.2898,0.1788,1.7499,8.5168
1.5167,0.0000,0.0000,0.0540,0.9985,0.2484,1.0456,1.0000,0.2000,-0.0166,1.2901,0.1808,1.7495,8.5111
1.5177,0.0000,0.0000,0.0530,0.9986,0.2476,1.0449,1.0000,0.2000,-0.0165,1.2904,0.1828,1.7490,8.5054
1.5187,0.0000,0.0000,0.0520,0.9986,0.2468,1.0442,1.0000,0.2000,-0.0163,1.2908,0.1848,1.7486,8.4997
1.5197,0.0000,0.0000,0.0510,0.9987,0.2460,1.0435,1.0000,0.2000,-0.0161,1.2911,0.1868,1.7481,8.4940
1.5207,0.0000,0.0000,0.0500,0.9987,0.2451,1.0427,1.0000,0.2000,-0.0159,1.2914,0.1888,1.7476,8.4883
1.5217,0.0000,0.0000,0.0490,0.9988,0.2443,1.0420,1.0000,0.2000,-0.0157,1.2917,0.1908,1.7471,8.4825
1.5227,0.0000,0.0000,0.0480,0.9988,0.2435,1.0412,1.0000,0.2000,-0.0156,1.2920,0.1928,1.7465,8.4767
1.5237,0.0000,0.0000,0.0470,0.9989,0.2427,1.0405,1.0000,0.2000,-0.0154,1.2923,0.1949,1.7460,8.4709
1.5247,0.0000,0.0000,0.0460,0.9989,0.2418,1.0397,1.0000,0.2000,-0.0152,1.2926,0.1969,1.7454,8.4651
1.5257,0.0000,0.0000,0.0450,0.9990,0.2410,1.0390,1.0000,0.2000,-0.0150,1.2929,0.1990,1.7448,8.4593
1.5267,0.0000,0.0000,0.0440,0.9990,0.2402,1.0382,1.0000,0.2000,-0.0148,1.2932,0.2010,1.7443,8.4534
1.5277,0.0000,0.0000,0.0430,0.9991,0.2393,1.0375,1.0000,0.2000,-0.0146,1.2935,0.2031,1.7436,8.4475
1.5287,0.0000,0.0000,0.0420,0.9991,0.2385,1.0367,1.0000,0.2000,-0.0143,1.2938,0.2051,1.7430,8.4416
1.5297,0.0000,0.0000,0.0410,0.9992,0.2376,1.0359,1.0000,0.2000,-0.0141,1.2940,0.2072,1.7424,8.4357
1.5307,0.0000,0.0000,0.0400,0.9992,0.2368,1.0352,1.0000,0.2000,-0.0139,1.2943,0.2093,1.7417,8.4298
1.5317,0.0000,0.0000,0.0390,0.9992,0.2359,1.0344,1.0000,0.2000,-0.0137,1.2946,0.2114,1.7411,8.4239
1.5327,0.0000,0.0000,0.0380,0.9993,0.2351,1.0336,1.0000,0.2000,-0.0134,1.2948,0.2135,1.7404,8.4179
1.5337,0.0000,0.0000,0.0370,0.9993,0.2342,1.0328,1.0000,0.2000,-0.0132,1.2951,0.2156,1.7397,8.4119
1.5347,0.0000,0.0000,0.0360,0.9994,0.2334,1.0320,1.0000,0.2000,-0.0130,1.2953,0.2177,1.7389,8.4059
1.5357,0.0000,0.0000,0.0350,0.9994,0.2325,1.0312,1.0000,0.2000,-0.0127,1.2956,0.2198,1.7382,8.3999
1.5367,0.0000,0.0000,0.0340,0.9994,0.2316,1.0304,1.0000,0.2000,-0.0125,1.2958,0.2219,1.7375,8.3938
1.5377,0.0000,0.0000,0.0330,0.9995,0.2308,1.0296,1.0000,0.2000,-0.0122,1.2960,0.2240,1.7367,8.3878
1.5387,0.0000,0.0000,0.0320,0.9995,0.2299,1.0288,1.0000,0.2000,-0.0119,1.2962,0.2262,1.7359,8.3817
1.5397,0.0000,0.0000,0.0310,0.9995,0.2290,1.0280,1.0000,0.2000,-0.0117,1.2965,0.2283,1.7351,8.3756
1.5407,0.0000,0.0000,0.0300,0.9995,0.2281,1.0272,1.0000,0.2000,-0.0114,1.2967,0.2305,1.7343,8.3695
1.5417,0.0000,0.0000,0.0290,0.9996,0.2272,1.0263,1.0000,0.2000,-0.0111,1.2969,0.2327,1.7334,8.3633
1.5427,0.0000,0.0000,0.0280,0.9996,0.2264,1.0255,1.0000,0.2000,-0.0108,1.2971,0.2348,1.7326,8.3572
1.5437,0.0000,0.0000,0.0270,0.9996,0.2255,1.0247,1.0000,0.2000,-0.0105,1.2973,0.2370,1.7317,8.3510
1.5447,0.0000,0.0000,0.0260,0.9997,0.2246,1.0238,1.0000,0.2000,-0.0102,1.2975,0.2392,1.7308,8.3448
1.5457,0.0000,0.0000,0.0250,0.9997,0.2237,1.0230,1.0000,0.2000,-0.0099,1.2976,0.2414,1.7299,8.3386
1.5467,0.0000,0.0000,0.0240,0.9997,0.2228,1.0222,1.0000,0.2000,-0.0096,1.2978,0.2436,1.7290,8.3324
1.5477,0.0000,0.0000,0.0230,0.9997,0.2219,1.0213,1.0000,0.2000,-0.0093,1.2980,0.2458,1.7280,8.3261
1.5487,0.0000,0.0000,0.0220,0.9998,0.2210,1.0204,1.0000,0.2000,-0.0090,1.2981,0.2481,1.7270,8.3199
1.5497,0.0000,0.0000,0.0210,0.9998,0.2201,1.0196,1.0000,0.2000,-0.0086,1.2983,0.2503,1.7260,8.3136
1.5507,0.0000,0.0000,0.0200,0.9998,0.2191,1.0187,1.0000,0.2000,-0.0083,1.2985,0.2525,1.7250,8.3073
1.5517,0.0000,0.0000,0.0190,0.9998,0.2182,1.0178,1.0000,0.2000,-0.0080,1.2986,0.2548,1.7240,8.3010
1.5527,0.0000,0.0000,0.0180,0.9998,0.2173,1.0169,1.0000,0.2000,-0.0076,1.2987,0.2571,1.7229,8.2946
1.5537,0.0000,0.0000,0.0170,0.9999,0.2164,1.0161,1.0000,0.2000,-0.0073,1.2989,0.2593,1.7219,8.2883
1.5547,0.0000,0.0000,0.0160,0.9999,0.2155,1.0152,1.0000,0.2000,-0.0069,1.2990,0.2616,1.7208,8.2819
1.5557,0.0000,0.0000,0.0150,0.9999,0.2145,1.0143,1.0000,0.2000,-0.0065,1.2991,0.2639,1.7196,8.2755
1.5567,0.0000,0.0000,0.0140,0.9999,0.2136,1.0134,1.0000,0.2000,-0.0061,1.2992,0.2662,1.7185,8.2691
1.5577,0.0000,0.0000,0.0130,0.9999,0.2127,1.0125,1.0000,0.2000,-0.0058,1.2993,0.2686,1.7173,8.2626
1.5587,0.0000,0.0000,0.0120,0.9999,0.2117,1.0115,1.0000,0.2000,-0.0054,1.2994,0.2709,1.7162,8.2562
1.5597,0.0000,0.0000,0.0110,0.9999,0.2108,1.0106,1.0000,0.2000,-0.0050,1.2995,0.2732,1.7150,8.2497
1.5607,0.0000,0.0000,0.0100,0.9999,0.2098,1.0097,1.0000,0.2000,-0.0046,1.2996,0.2756,1.7137,8.2433
1.5617,0.0000,0.0000,0.0090,1.0000,0.2089,1.0088,1.0000,0.2000,-0.0041,1.2997,0.2780,1.7125,8.2368
1.5627,0.0000,0.0000,0.0080,1.0000,0.2079,1.0078,1.0000,0.2000,-0.0037,1.2997,0.2803,1.7112,8.2303
1.5637,0.0000,0.0000,0.0070,1.0000,0.2069,1.0069,1.0000,0.2000,-0.0033,1.2998,0.2827,1.7099,8.2237
1.5647,0.0000,0.0000,0.0060,1.0000,0.2060,1.0059,1.0000,0.2000,-0.0029,1.2998,0.2852,1.7086,8.2172
1.5657,0.0000,0.0000,0.0050,1.0000,0.2050,1.0050,1.0000,0.2000,-0.0024,1.2999,0.2876,1.7072,8.2106
1.5667,0.0000,0.0000,0.0040,1.0000,0.2040,1.0040,1.0000,0.2000,-0.0019,1.2999,0.2900,1.7058,8.2040
1.5677,0.0000,0.0000,0.0030,1.0000,0.2030,1.0030,1.0000,0.2000,-0.0015,1.3000,0.2925,1.7044,8.1975
1.5687,0.0000,0.0000,0.0020,1.0000,0.2020,1.0020,1.0000,0.2000,-0.0010,1.3000,0.2949,1.7030,8.1909
1.5697,0.0000,0.0000,0.0010,1.0000,0.2010,1.0010,1.0000,0.2000,-0.0005,1.3000,0.2974,1.7016,8.1842
1.5707,0.0000,0.0000,0.0000,1.0000,0.2000,1.0000,1.0000,0.2000,-0.0000,1.3000,0.2999,1.7001,8.1776
1.5717,0.0000,0.0000,-0.0010,1.0000,0.1990,0.9990,1.0000,0.2000,0.0005,1.3000,0.3024,1.6986,8.1710
1.5727,0.0000,0.0000,-0.0020,1.0000,0.1980,0.9980,1.0000,0.2000,0.0010,1.3000,0.3049,1.6970,8.1643
1.5737,0.0000,0.0000,-0.0030,1.0000,0.1970,0.9970,1.0000,0.2000,0.0015,1.3000,0.3075,1.6954,8.1576
1.5747,0.0000,0.0000,-0.0040,1.0000,0.1960,0.9960,1.0000,0.2000,0.0021,1.2999,0.3100,1.6938,8.1510
1.5757,0.0000,0.0000,-0.0050,1.0000,0.1950,0.9950,1.0000,0.2000,0.0026,1.2999,0.3126,1.6922,8.1443
1.5767,0.0000,0.0000,-0.0060,1.0000,0.1940,0.9939,1.0000,0.2000,0.0032,1.2998,0.3152,1.6905,8.1376
1.5777,0.0000,0.0000,-0.0070,1.0000,0.1929,0.9929,1.0000,0.2000,0.0037,1.2998,0.3178,1.6889,8.1309
1.5787,0.0000,0.0000,-0.0080,1.0000,0.1919,0.9918,1.0000,0.2000,0.0043,1.2997,0.3204,1.6871,8.1241
1.5797,0.0000,0.0000,-0.0090,1.0000,0.1908,0.9907,1.0000,0.2000,0.0049,1.2996,0.3230,1.6854,8.1174
1.5807,0.0000,0.0000,-0.0100,1.0000,0.1898,0.9896,1.0000,0.2000,0.0055,1.2996,0.3257,1.6836,8.1107
1.5817,0.0000,0.0000,-0.0110,0.9999,0.1887,0.9886,1.0000,0.2000,0.0061,1.2995,0.3284,1.6817,8.1040
1.5827,0.0000,0.0000,-0.0120,0.9999,0.1877,0.9875,1.0000,0.2000,0.0067,1.2993,0.3311,1.6799,8.0972
1.5837,0.0000,0.0000,-0.0130,0.9999,0.1866,0.9864,1.0000,0.2000,0.0074,1.2992,0.3338,1.6780,8.0905
1.5847,0.0000,0.0000,-0.0140,0.9999,0.1855,0.9852,1.0000,0.2000,0.0080,1.2991,0.3366,1.6760,8.0837
1.5857,0.0000,0.0000,-0.0150,0.9999,0.1844,0.9841,1.0000,0.2000,0.0087,1.2990,0.3393,1.6740,8.0770
1.5867,0.0000,0.0000,-0.0160,0.9999,0.1833,0.9830,1.0000,0.2000,0.0094,1.2988,0.3421,1.6720,8.0703
1.5877,0.0000,0.0000,-0.0170,0.9999,0.1822,0.9818,1.0000,0.2000,0.0101,1.2986,0.3449,1.6700,8.0635
1.5887,0.0000,0.0000,-0.0180,0.9998,0.1811,0.9807,1.0000,0.2000,0.0108,1.2985,0.3478,1.6679,8.0568
1.5897,0.0000,0.0000,-0.0190,0.9998,0.1800,0.9795,1.0000,0.2000,0.0115,1.2983,0.3506,1.6657,8.0501
1.5907,0.0000,0.0000,-0.0200,0.9998,0.1789,0.9783,1.0000,0.2000,0.0123,1.2981,0.3535,1.6635,8.0434
1.5917,0.0000,0.0000,-0.0210,0.9998,0.1778,0.9771,1.0000,0.2000,0.0130,1.2978,0.3564,1.6613,8.0368
1.5927,0.0000,0.0000,-0.0220,0.9998,0.1766,0.9759,1.0000,0.2000,0.0138,1.2976,0.3594,1.6590,8.0301
1.5937,0.0000,0.0000,-0.0230,0.9997,0.1755,0.9747,1.0000,0.2000,0.0146,1.2974,0.3623,1.6567,8.0235
1.5947,0.0000,0.0000,-0.0240,0.9997,0.1743,0.9735,1.0000,0.2000,0.0154,1.2971,0.3653,1.6543,8.0169
1.5957,0.0000,0.0000,-0.0250,0.9997,0.1732,0.9722,1.0000,0.2000,0.0163,1.2968,0.3683,1.6519,8.0103
1.5967,0.0000,0.0000,-0.0260,0.9997,0.1720,0.9710,1.0000,0.2000,0.0171,1.2966,0.3714,1.6494,8.0038
1.5977,0.0000,0.0000,-0.0270,0.9996,0.1708,0.9697,1.0000,0.2000,0.0180,1.2963,0.3745,1.6468,7.9973
1.5987,0.0000,0.0000,-0.0280,0.9996,0.1696,0.9684,1.0000,0.2000,0.0189,1.2959,0.3776,1.6442,7.9909
1.5997,0.0000,0.0000,-0.0289,0.9996,0.1684,0.9671,1.0000,0.2000,0.0198,1.2956,0.3808,1.6416,7.9845
1.6007,0.0000,0.0000,-0.0299,0.9996,0.1672,0.9658,1.0000,0.2000,0.0207,1.2952,0.3840,1.6388,7.9782
1.6017,0.0000,0.0000,-0.0309,0.9995,0.1659,0.9644,1.0000,0.2000,0.0217,1.2949,0.3872,1.6360,7.9720
1.6027,0.0000,0.0000,-0.0319,0.9995,0.1647,0.9631,1.0000,0.2000,0.0227,1.2945,0.3905,1.6332,7.9659
1.6037,0.0000,0.0000,-0.0329,0.9995,0.1635,0.9617,1.0000,0.2000,0.0237,1.2941,0.3938,1.6302,7.9599
1.6047,0.0000,0.0000,-0.0339,0.9994,0.1622,0.9603,1.0000,0.2000,0.0247,1.2936,0.3971,1.6272,7.9539
1.6057,0.0000,0.0000,-0.0349,0.9994,0.1609,0.9589,1.0000,0.2000,0.0258,1.2932,0.4005,1.6242,7.9482
1.6067,0.0000,0.0000,-0.0359,0.9994,0.1596,0.9575,1.0000,0.2000,0.0269,1.2927,0.4040,1.6210,7.9425
1.6077,0.0000,0.0000,-0.0369,0.9993,0.1583,0.9560,1.0000,0.2000,0.0280,1.2922,0.4075,1.6178,7.9371
1.6087,0.0000,0.0000,-0.0379,0.9993,0.1570,0.9545,1.0000,0.2000,0.0292,1.2917,0.4110,1.6144,7.9318
1.6097,0.0000,0.0000,-0.0389,0.9992,0.1556,0.9530,1.0000,0.2000,0.0304,1.2911,0.4147,1.6110,7.9268
1.6107,0.0000,0.0000,-0.0399,0.9992,0.1543,0.9515,1.0000,0.2000,0.0316,1.2905,0.4183,1.6075,7.9220
1.6117,0.0000,0.0000,-0.0409,0.9992,0.1529,0.9500,1.0000,0.2000,0.0329,1.2899,0.4220,1.6038,7.9176
1.6127,0.0000,0.0000,-0.0419,0.9991,0.1515,0.9484,1.0000,0.2000,0.0342,1.2893,0.4258,1.6001,7.9134
1.6137,0.0000,0.0000,-0.0429,0.9991,0.1501,0.9468,1.0000,0.2000,0.0355,1.2886,0.4297,1.5963,7.9097
1.6147,0.0000,0.0000,-0.0439,0.9990,0.1487,0.9451,1.0000,0.2000,0.0369,1.2879,0.4336,1.5923,7.9064
1.6157,0.0000,0.0000,-0.0449,0.9990,0.1472,0.9435,1.0000,0.2000,0.0384,1.2872,0.4376,1.5882,7.9037
1.6167,0.0000,0.0000,-0.0459,0.9989,0.1457,0.9417,1.0000,0.2000,0.0399,1.2864,0.4417,1.5839,7.9016
1.6177,0.0000,0.0000,-0.0469,0.9989,0.1442,0.9400,1.0000,0.2000,0.0414,1.2856,0.4459,1.5795,7.9002
1.6187,0.0000,0.0000,-0.0479,0.9989,0.1426,0.9382,1.0000,0.2000,0.0430,1.2847,0.4502,1.5749,7.8998
1.6197,0.0000,0.0000,-0.0489,0.9988,0.1411,0.9364,1.0000,0.2000,0.0447,1.2838,0.4546,1.5702,7.9003
1.6207,0.0000,0.0000,-0.0499,0.9988,0.1395,0.9345,1.0000,0.2000,0.0465,1.2828,0.4591,1.5652,7.9022
1.6217,0.0000,0.0000,-0.0509,0.9987,0.1378,0.9326,1.0000,0.2000,0.0483,1.2818,0.4637,1.5601,7.9055
1.6227,0.0000,0.0000,-0.0519,0.9987,0.1361,0.9306,1.0000,0.2000,0.0502,1.2807,0.4685,1.5547,7.9108
1.6237,0.0000,0.0000,-0.0529,0.9986,0.1344,0.9285,1.0000,0.2000,0.0522,1.2796,0.4734,1.5490,7.9184
1.6247,0.0000,0.0000,-0.0539,0.9985,0.1326,0.9264,1.0000,0.2000,0.0543,1.2783,0.4785,1.5431,7.9290
1.6257,0.0000,0.0000,-0.0549,0.9985,0.1307,0.9242,1.0000,0.2000,0.0566,1.2770,0.4838,1.5368,7.9433
1.6267,0.0000,0.0000,-0.0559,0.9984,0.1288,0.9218,1.0000,0.2000,0.0590,1.2756,0.4893,1.5302,7.9626
1.6277,0.0000,0.0000,-0.0569,0.9984,0.1268,0.9194,1.0000,0.2000,0.0615,1.2740,0.4950,1.5231,7.9884
1.6287,0.0000,0.0000,-0.0579,0.9983,0.1248,0.9169,1.0000,0.2000,0.0642,1.2723,0.5011,1.5156,8.0234
1.6297,0.0000,0.0000,-0.0589,0.9983,0.1226,0.9142,1.0000,0.2000,0.0671,1.2705,0.5075,1.5074,8.0711
1.6307,0.0000,0.0000,-0.0599,0.9982,0.1202,0.9114,1.0000,0.2000,0.0704,1.2684,0.5143,1.4985,8.1380
1.6317,0.0000,0.0000,-0.0609,0.9981,0.1177,0.9083,1.0000,0.2000,0.0739,1.2661,0.5217,1.4886,8.2348
1.6327,0.0000,0.0000,-0.0619,0.9981,0.1150,0.9049,1.0000,0.2000,0.0779,1.2635,0.5298,1.4776,8.3825
1.6337,0.0000,0.0000,-0.0629,0.9980,0.1120,0.9010,1.0000,0.2000,0.0825,1.2604,0.5389,1.4648,8.6271
1.6347,0.0000,0.0000,-0.0639,0.9980,0.1085,0.8966,1.0000,0.2000,0.0882,1.2565,0.5496,1.4492,9.0933
1.6357,0.0000,0.0000,-0.0649,0.9979,0.1040,0.8907,1.0000,0.2000,0.0958,1.2512,0.5634,1.4283,10.2854
